2022-12-30, 14:41:00.07
2022-12-30 14:41:30.07, 16.5, 28.4, 56, 0.97, 2333, 49.6, 1.863, 2.813, 3.0421, 33.681

2022-12-30, 14:41:30.07
2022-12-30 14:42:00.07, 17.3, 29.9, 63, 1.13, 2316, 49.2, 1.865, 2.794, 3.0399, 33.675

2022-12-30, 14:42:00.07
2022-12-30 14:42:30.07, 17.3, 29.9, 59, 1.04, 2285, 48.6, 1.868, 2.800, 3.0393, 33.662

2022-12-30, 14:42:30.07
2022-12-30 14:43:00.07, 17.3, 29.9, 56, 0.97, 2260, 48.0, 1.873, 2.779, 3.0363, 33.647

2022-12-30, 14:43:00.07
2022-12-30 14:43:30.07, 17.3, 29.9, 51, 0.84, 2251, 47.8, 1.879, 2.775, 3.0349, 33.634

2022-12-30, 14:43:30.07
2022-12-30 14:44:00.07, 17.3, 29.8, 60, 1.06, 2234, 47.5, 1.883, 2.793, 3.0355, 33.622

2022-12-30, 14:44:00.07
2022-12-30 14:44:30.07, 17.3, 29.8, 52, 0.87, 2270, 48.2, 1.881, 2.781, 3.0333, 33.607

2022-12-30, 14:44:30.07
2022-12-30 14:45:00.07, 17.3, 29.9, 60, 1.06, 2271, 48.3, 1.879, 2.777, 3.0320, 33.597

2022-12-30, 14:45:00.07
2022-12-30 14:45:30.07, 17.3, 29.9, 54, 0.91, 2264, 48.1, 1.871, 2.796, 3.0333, 33.592

2022-12-30, 14:45:30.07
